2019-01-01	0	1	0	0	0	0	0	0	0	1	0	2	0	1	1	0	2	3	2	1	1	3	0	1
2019-01-02	0	0	0	3	3	16	14	12	18	22	20	25	17	25	15	14	21	12	14	17	8	1	2	1
2019-01-03	0	3	1	3	5	13	18	19	16	26	31	26	21	20	17	17	17	14	19	15	9	1	2	1
2019-01-04	2	2	1	2	5	11	22	18	9	27	28	26	18	24	19	15	17	17	12	18	8	2	1	0
2019-01-05	1	0	1	0	3	4	9	8	5	14	10	14	9	12	11	8	9	10	10	11	4	1	0	0
2019-01-06	0	0	0	2	0	0	3	1	0	0	1	3	3	3	2	1	2	5	0	2	1	1	1	2
2019-01-07	2	0	1	0	9	13	30	23	29	26	43	28	27	24	20	24	20	20	23	13	10	1	2	2
2019-01-08	0	2	0	1	5	13	27	34	23	31	32	27	22	35	23	27	26	20	23	13	7	2	1	3
2019-01-09	1	3	1	3	6	22	27	21	34	32	48	42	20	25	28	37	24	29	20	16	9	3	1	1
2019-01-10	2	4	0	3	8	14	30	30	22	30	29	38	36	30	40	30	29	21	23	13	7	2	0	3
2019-01-11	1	1	0	3	8	16	32	36	20	36	34	24	34	38	34	19	25	28	18	18	10	6	1	2
2019-01-12	0	1	1	1	3	6	8	7	7	19	14	11	6	15	9	5	9	11	7	12	2	2	1	0
2019-01-13	0	1	0	1	0	1	2	1	0	1	0	2	2	5	1	1	2	3	0	2	1	1	0	0
2019-01-14	0	0	0	3	9	16	34	31	36	32	33	33	32	33	17	24	32	35	24	20	8	2	2	2
2019-01-15	1	2	0	3	9	19	30	34	36	38	49	52	31	30	35	31	29	26	15	16	8	1	2	0
2019-01-16	2	3	1	1	6	14	21	35	29	37	37	45	32	41	26	33	27	24	21	19	11	1	2	0
2019-01-17	0	2	0	4	5	13	32	35	29	20	50	35	43	34	30	26	29	22	23	14	9	4	2	2
2019-01-18	1	2	2	3	6	16	28	41	35	41	37	34	38	38	27	35	28	19	17	23	10	3	1	1
2019-01-19	0	1	2	1	4	7	9	8	14	12	19	9	8	13	15	10	11	9	9	13	3	1	2	0
2019-01-20	0	1	1	0	3	1	1	1	3	1	1	3	1	1	3	0	3	6	1	1	0	1	0	1
2019-01-21	0	0	1	4	8	11	32	35	28	33	34	31	29	34	17	24	31	29	22	18	13	4	1	1
2019-01-22	1	2	0	3	6	11	31	21	38	34	44	31	33	35	26	31	27	21	15	17	11	2	0	0
2019-01-23	2	3	1	5	3	18	25	31	35	27	27	41	32	25	29	26	30	25	18	18	6	2	1	0
2019-01-24	0	2	0	0	5	19	21	26	18	40	36	36	30	35	31	26	22	22	22	14	7	4	2	1
2019-01-25	1	1	2	2	4	14	23	19	27	40	44	24	22	39	22	30	20	21	16	14	10	1	0	2
2019-01-26	2	3	1	3	3	6	12	5	7	11	13	13	10	14	6	10	11	9	9	11	3	1	0	1
2019-01-27	0	0	2	0	1	1	1	0	2	1	1	2	1	1	1	0	2	3	1	0	0	2	1	0
2019-01-28	0	0	1	2	10	16	19	20	26	23	17	17	24	26	22	19	26	19	11	20	14	0	6	0
2019-01-29	3	1	1	5	9	17	24	29	28	20	28	37	33	29	23	25	27	18	23	15	11	1	1	0
2019-01-30	0	3	1	5	5	12	29	18	21	15	24	35	37	25	34	21	21	14	17	23	9	8	1	1
2019-01-31	3	2	1	6	6	16	26	24	19	32	34	44	23	32	28	26	23	21	19	14	10	3	1	1
2019-02-01	2	2	4	6	9	17	23	27	31	33	30	43	22	20	26	19	21	22	11	16	8	4	0	1
2019-02-02	0	1	1	1	4	7	11	3	10	10	13	12	8	10	8	8	9	7	11	12	2	1	1	0
2019-02-03	0	0	0	0	0	6	1	0	3	0	1	1	0	2	2	0	0	2	3	1	1	2	1	0
2019-02-04	0	0	0	3	4	13	29	30	24	20	31	31	27	29	31	23	22	19	19	20	7	1	0	1
2019-02-05	2	1	0	3	4	17	26	25	17	38	35	31	35	38	20	31	21	24	18	15	12	5	0	1
2019-02-06	0	2	0	1	2	15	36	29	29	35	29	51	34	33	23	27	27	26	28	21	8	2	0	2
2019-02-07	2	2	1	1	5	20	28	28	30	25	45	39	26	30	29	37	24	22	20	14	9	3	2	2
2019-02-08	1	2	2	1	5	17	29	39	32	37	35	40	33	35	18	31	26	24	18	18	9	5	3	2
2019-02-09	0	0	0	0	0	0	0	0	0	0	0	0	0	0	0	0	0	0	0	0	0	0	0	0
2019-02-10	0	0	0	1	1	2	2	1	3	2	0	6	0	1	1	0	4	3	1	3	0	1	1	0
2019-02-11	0	0	1	1	5	20	29	32	26	39	33	36	27	25	33	26	26	27	23	18	10	2	0	2
2019-02-12	0	2	0	4	5	19	30	36	40	44	36	33	38	34	39	28	30	25	20	15	7	2	2	2
2019-02-13	3	3	1	2	5	22	31	36	33	36	45	42	33	32	28	32	31	22	25	26	5	2	1	1
2019-02-14	1	0	0	2	7	15	38	29	27	32	41	36	34	41	36	36	34	22	28	19	7	5	0	2
2019-02-15	1	2	2	2	6	14	29	36	36	39	33	46	22	36	28	35	28	27	21	22	10	2	1	2
2019-02-16	2	4	1	1	2	5	10	8	10	16	13	19	6	10	4	8	18	17	14	19	4	0	0	0
2019-02-17	0	0	0	0	2	0	1	0	1	2	0	3	4	2	1	1	3	2	0	6	1	1	2	0
2019-02-18	1	0	0	4	5	14	30	26	28	27	41	38	32	29	31	24	26	12	15	21	9	2	1	2
2019-02-19	1	1	1	3	8	16	35	27	28	37	47	32	32	29	28	26	31	22	20	19	7	2	0	1
2019-02-20	0	5	1	3	5	16	36	33	29	48	37	44	29	32	36	27	28	16	22	16	11	1	0	2
2019-02-21	0	2	2	0	6	14	35	35	26	32	41	53	26	34	30	30	35	26	20	19	7	3	1	1
2019-02-22	0	2	2	2	4	16	24	33	29	39	30	42	21	31	29	23	27	25	21	16	11	1	0	1
2019-02-23	0	1	2	0	4	6	9	7	15	7	14	13	7	10	7	11	12	8	11	11	2	2	0	0
2019-02-24	0	0	1	0	2	2	1	0	3	1	2	3	2	2	3	2	4	2	1	3	0	2	1	1
2019-02-25	0	0	0	1	8	13	35	37	33	38	42	39	32	37	30	31	34	25	20	16	7	0	0	2
2019-02-26	0	4	0	1	10	15	30	36	34	38	51	41	29	42	39	43	34	18	28	14	9	1	2	1
2019-02-27	1	1	0	2	6	16	32	38	44	35	42	38	46	43	23	31	26	27	31	22	10	7	3	2
2019-02-28	2	2	1	1	8	16	37	42	44	36	39	42	39	34	38	34	32	23	19	16	9	4	4	0
2019-03-01	0	2	1	0	11	20	33	29	34	37	48	42	30	31	23	28	31	29	19	17	10	3	0	1
2019-03-02	1	2	2	1	2	4	13	7	7	6	12	17	9	13	8	9	10	8	9	8	3	1	0	0
2019-03-03	0	0	0	0	3	0	1	0	2	1	1	2	0	2	3	2	2	3	1	1	0	1	0	0
2019-03-04	0	0	0	0	4	12	22	25	14	27	35	28	34	46	55	49	49	32	37	23	15	7	1	5
2019-03-05	3	3	1	0	8	11	31	23	25	31	43	37	35	36	28	31	27	16	24	15	7	5	0	0
2019-03-06	0	3	1	4	5	13	31	41	30	41	37	41	47	32	27	29	31	23	22	16	6	3	1	1
2019-03-07	0	3	0	2	7	14	24	36	27	30	32	41	35	34	32	47	22	24	26	20	7	7	0	1
2019-03-08	0	1	2	2	8	18	28	31	29	41	38	44	31	36	15	39	45	26	30	22	4	4	2	0
2019-03-09	0	1	2	0	5	7	9	3	14	13	11	11	7	19	8	9	13	10	10	14	2	2	0	0
2019-03-10	0	0	0	1	1	0	0	1	1	17	0	2	4	5	4	2	5	2	1	0	1	0	1	0
2019-03-11	0	0	1	5	6	15	27	36	27	32	26	39	31	32	44	40	34	31	19	17	10	3	1	0
2019-03-12	1	2	0	2	6	19	38	34	32	40	45	38	36	37	40	39	39	23	24	14	8	1	0	0
2019-03-13	0	2	1	2	6	21	35	36	33	29	34	34	29	39	29	28	32	24	21	20	10	4	2	1
2019-03-14	0	3	2	2	4	20	25	27	37	35	41	45	30	41	28	32	28	25	25	19	6	1	1	1
2019-03-15	0	3	2	3	5	14	29	39	30	33	45	31	25	34	27	31	25	19	17	15	9	2	1	1
2019-03-16	0	3	1	2	5	8	8	5	8	12	13	13	10	7	12	10	9	8	12	9	7	0	1	0
2019-03-17	0	0	0	0	5	1	1	1	1	2	1	4	3	1	6	1	2	3	1	3	1	1	3	0
2019-03-18	0	0	0	2	3	18	34	40	37	38	37	33	37	31	27	28	34	28	25	17	8	3	2	2
2019-03-19	2	1	0	2	8	18	30	39	35	39	39	41	29	36	31	32	28	29	21	15	12	4	1	1
2019-03-20	0	2	2	2	9	22	39	37	31	34	37	44	35	49	37	41	35	25	24	18	10	9	3	1
2019-03-21	1	1	1	4	16	20	37	38	42	34	54	42	35	39	42	35	27	25	23	17	10	2	3	1
2019-03-22	3	3	1	8	6	19	34	44	27	48	56	45	37	31	27	24	33	26	32	30	17	5	1	3
2019-03-23	1	0	2	0	5	8	10	6	11	13	15	15	12	21	13	11	10	8	10	14	5	0	0	0
2019-03-24	0	0	0	0	2	1	1	2	1	0	2	2	1	3	3	1	2	2	2	5	0	1	0	0
2019-03-25	0	0	0	2	7	14	32	38	43	41	29	48	30	40	39	35	36	25	22	18	12	2	3	1
2019-03-26	1	1	0	1	4	13	35	32	32	48	38	30	39	36	36	38	40	30	21	19	13	2	2	0
2019-03-27	1	2	0	3	10	24	25	37	39	42	53	47	33	40	33	30	33	31	23	25	14	3	0	1
2019-03-28	1	3	0	2	8	13	48	36	37	38	53	51	46	31	46	43	40	25	28	20	10	5	1	0
2019-03-29	2	1	1	3	7	25	42	33	35	46	38	41	39	40	35	20	33	29	21	26	9	1	3	0
2019-03-30	1	1	1	1	4	6	9	9	12	11	22	18	15	15	7	9	12	11	12	10	3	0	2	0
2019-03-31	0	0	0	0	0	0	0	0	0	0	0	0	0	0	0	0	0	0	0	0	0	0	0	0
2019-04-01	1	0	0	3	7	19	37	43	41	44	41	35	32	41	35	40	40	26	26	18	11	4	1	0
2019-04-02	1	2	0	2	7	19	37	47	31	40	49	47	24	40	47	38	38	30	29	35	10	2	0	0
2019-04-03	0	0	0	0	0	0	0	0	0	0	0	0	0	0	0	0	0	0	0	0	0	0	0	0
2019-04-04	0	0	0	0	0	0	0	0	0	0	0	0	0	0	0	0	0	0	0	0	0	0	0	0
2019-04-05	0	0	0	0	0	0	0	0	0	0	0	0	0	0	0	0	0	0	0	0	0	0	0	0
2019-04-06	0	0	0	0	0	0	0	0	0	0	0	0	0	0	0	0	0	0	0	0	0	0	0	0
2019-04-07	0	0	0	0	0	0	0	0	0	0	0	0	0	0	0	0	0	0	0	0	0	0	0	0
2019-04-08	0	0	0	0	0	0	0	0	0	0	0	0	0	0	0	0	0	0	0	0	0	0	0	0
2019-04-09	0	0	0	0	0	0	0	0	0	0	0	0	0	0	0	0	0	0	0	0	0	0	0	0
2019-04-10	0	0	0	0	0	0	0	0	0	0	0	0	0	0	0	0	0	0	0	0	0	0	0	0
2019-04-11	0	0	0	0	0	0	0	0	0	0	0	0	0	0	0	0	0	0	0	0	0	0	0	0
2019-04-12	0	0	0	0	0	0	0	0	0	0	0	0	0	0	0	0	0	0	0	0	0	0	0	0
2019-04-13	0	0	0	0	0	0	0	0	0	0	0	0	0	0	0	0	0	0	0	0	0	0	0	0
2019-04-14	0	0	0	0	0	0	0	0	0	0	0	0	0	0	0	0	0	0	0	0	0	0	0	0
2019-04-15	0	0	0	0	0	0	0	0	0	0	0	0	0	0	0	0	0	0	0	0	0	0	0	0
2019-04-16	0	0	0	0	0	0	0	0	0	0	0	0	0	0	0	0	0	0	0	0	0	0	0	0
2019-04-17	0	0	0	0	0	0	0	0	0	0	0	0	0	0	0	0	0	0	0	0	0	0	0	0
2019-04-18	0	0	0	0	0	0	0	0	0	0	0	0	0	0	0	0	0	0	0	0	0	0	0	0
2019-04-19	0	0	0	0	0	0	0	0	0	0	0	0	0	0	0	0	0	0	0	0	0	0	0	0
2019-04-20	0	0	0	0	0	0	0	0	0	0	0	0	0	0	0	0	0	0	0	0	0	0	0	0
2019-04-21	0	0	0	0	0	0	0	0	0	0	0	0	0	0	0	0	0	0	0	0	0	0	0	0
2019-04-22	0	0	0	0	0	0	0	0	0	0	0	0	0	0	0	0	0	0	0	0	0	0	0	0
2019-04-23	0	0	0	0	0	0	0	0	0	0	0	0	0	0	0	0	0	0	0	0	0	0	0	0
2019-04-24	0	0	0	0	0	0	0	0	0	0	0	0	0	0	0	0	0	0	0	0	0	0	0	0
2019-04-25	0	0	0	0	0	0	0	0	0	0	0	0	0	0	0	0	0	0	0	0	0	0	0	0
2019-04-26	0	0	0	0	0	0	0	0	0	0	0	0	0	0	0	0	0	0	0	0	0	0	0	0
2019-04-27	0	0	0	0	0	0	0	0	0	0	0	0	0	0	0	0	0	0	0	0	0	0	0	0
2019-04-28	0	0	0	0	0	0	0	0	0	0	0	0	0	0	0	0	0	0	0	0	0	0	0	0
2019-04-29	0	0	0	0	0	0	0	0	0	0	0	0	0	0	0	0	0	0	0	0	0	0	0	0
2019-04-30	0	0	0	0	0	0	0	0	0	0	0	0	0	0	0	0	0	0	0	0	0	0	0	0
2019-05-01	0	0	0	0	0	0	0	0	0	0	0	0	0	0	0	0	0	0	0	0	0	0	0	0
2019-05-02	0	0	0	0	0	0	0	0	0	0	0	0	0	0	0	0	0	0	0	0	0	0	0	0
2019-05-03	0	0	0	0	0	0	0	0	0	0	0	0	0	0	0	0	0	0	0	0	0	0	0	0
2019-05-04	0	0	0	0	0	0	0	0	0	0	0	0	0	0	0	0	0	0	0	0	0	0	0	0
2019-05-05	0	0	0	0	0	0	0	0	0	0	0	0	0	0	0	0	0	0	0	0	0	0	0	0
2019-05-06	0	0	0	0	0	0	0	0	0	0	0	0	0	0	0	0	0	0	0	0	0	0	0	0
2019-05-07	0	0	0	0	0	0	0	0	0	0	0	0	0	0	0	0	0	0	0	0	0	0	0	0
2019-05-08	0	0	0	0	0	0	0	0	0	0	0	0	0	0	0	0	0	0	0	0	0	0	0	0
2019-05-09	0	0	0	0	0	0	0	0	0	0	0	0	0	0	0	0	0	0	0	0	0	0	0	0
2019-05-10	0	0	0	0	0	0	0	0	0	0	0	0	0	0	0	0	0	0	0	0	0	0	0	0
2019-05-11	0	0	0	0	0	0	0	0	0	0	0	0	0	0	0	0	0	0	0	0	0	0	0	0
2019-05-12	0	0	0	0	0	0	0	0	0	0	0	0	0	0	0	0	0	0	0	0	0	0	0	0
2019-05-13	0	0	0	0	0	0	0	0	0	0	0	0	0	0	0	0	0	0	0	0	0	0	0	0
2019-05-14	0	0	0	0	0	0	0	0	0	0	0	0	0	0	0	0	0	0	0	0	0	0	0	0
2019-05-15	0	0	0	0	0	0	0	0	0	0	0	0	0	0	0	0	0	0	0	0	0	0	0	0
2019-05-16	0	0	0	0	0	0	0	0	0	0	0	0	0	0	0	0	0	0	0	0	0	0	0	0
2019-05-17	0	0	0	0	0	0	0	0	0	0	0	0	0	0	0	0	0	0	0	0	0	0	0	0
2019-05-18	0	0	0	0	0	0	0	0	0	0	0	0	0	0	0	0	0	0	0	0	0	0	0	0
2019-05-19	0	0	0	0	0	0	0	0	0	0	0	0	0	0	0	0	0	0	0	0	0	0	0	0
2019-05-20	0	0	0	0	0	0	0	0	0	0	0	0	0	0	0	0	0	0	0	0	0	0	0	0
2019-05-21	0	0	0	0	0	0	0	0	0	0	0	0	0	0	0	0	0	0	0	0	0	0	0	0
2019-05-22	0	0	0	0	0	0	0	0	0	0	0	0	0	0	0	0	0	0	0	0	0	0	0	0
2019-05-23	0	0	0	0	0	0	0	0	0	0	0	0	0	0	0	0	0	0	0	0	0	0	0	0
2019-05-24	0	0	0	0	0	0	0	0	0	0	0	0	0	0	0	0	0	0	0	0	0	0	0	0
2019-05-25	0	0	0	0	0	0	0	0	0	0	0	0	0	0	0	0	0	0	0	0	0	0	0	0
2019-05-26	0	0	0	0	0	0	0	0	0	0	0	0	0	0	0	0	0	0	0	0	0	0	0	0
2019-05-27	0	0	0	0	0	0	0	0	0	0	0	0	0	0	0	0	0	0	0	0	0	0	0	0
2019-05-28	0	0	0	0	0	0	0	0	0	0	0	0	0	0	0	0	0	0	0	0	0	0	0	0
2019-05-29	0	0	0	0	0	0	0	0	0	0	0	0	0	0	0	0	0	0	0	0	0	0	0	0
2019-05-30	0	0	0	0	0	0	0	0	0	0	0	0	0	0	0	0	0	0	0	0	0	0	0	0
2019-05-31	0	0	0	0	0	0	0	0	0	0	0	0	0	0	0	0	0	0	0	0	0	0	0	0
2019-06-01	0	0	0	0	0	0	0	0	0	0	0	0	0	0	0	0	0	0	0	0	0	0	0	0
2019-06-02	0	0	0	0	0	0	0	0	0	0	0	0	0	0	0	0	0	0	0	0	0	0	0	0
2019-06-03	0	0	0	0	0	0	0	0	0	0	0	0	0	0	0	0	0	0	0	0	0	0	0	0
2019-06-04	0	0	0	0	0	0	0	0	0	0	0	0	0	0	0	0	0	0	0	0	0	0	0	0
2019-06-05	0	0	0	0	0	0	0	0	0	0	0	0	0	0	0	0	0	0	0	0	0	0	0	0
2019-06-06	0	0	0	0	0	0	0	0	0	0	0	0	0	0	0	0	0	0	0	0	0	0	0	0
2019-06-07	0	0	0	0	0	0	0	0	0	0	0	0	0	0	0	0	0	0	0	0	0	0	0	0
2019-06-08	0	0	0	0	0	0	0	0	0	0	0	0	0	0	0	0	0	0	0	0	0	0	0	0
2019-06-09	0	0	0	0	0	0	0	0	0	0	0	0	0	0	0	0	0	0	0	0	0	0	0	0
2019-06-10	0	0	0	0	0	0	0	0	0	0	0	0	0	0	0	0	0	0	0	0	0	0	0	0
2019-06-11	0	0	0	0	0	0	0	0	0	0	0	0	0	0	0	0	0	0	0	0	0	0	0	0
2019-06-12	0	0	0	0	0	0	0	0	0	0	0	0	0	0	0	0	0	0	0	0	0	0	0	0
2019-06-13	0	2	2	2	6	27	49	45	41	40	67	56	51	50	35	43	42	24	26	24	12	1	3	2
2019-06-14	0	3	1	5	7	27	49	41	54	56	59	47	50	47	35	32	41	38	26	19	9	2	2	1
2019-06-15	2	1	1	1	5	3	9	4	5	13	15	14	15	14	9	9	8	11	9	9	4	3	0	1
2019-06-16	0	0	1	0	0	2	1	1	1	2	3	9	3	4	1	1	4	8	3	3	2	2	1	1
2019-06-17	0	0	0	0	7	23	29	39	38	47	47	41	39	35	30	31	39	31	26	14	10	1	6	4
2019-06-18	5	1	3	1	5	25	46	39	36	49	43	47	36	49	38	51	45	26	18	21	9	1	4	1
2019-06-19	2	2	2	0	6	22	44	30	41	34	47	46	39	30	31	31	28	30	20	20	7	1	5	2
2019-06-20	1	3	2	2	6	19	40	46	44	45	40	52	42	37	39	30	27	24	23	19	14	3	5	1
2019-06-21	1	1	2	3	7	25	34	43	37	48	43	61	37	44	39	39	41	23	22	24	13	5	1	0
2019-06-22	2	2	1	1	4	8	10	5	10	9	16	17	11	11	13	10	10	14	10	14	3	1	1	0
2019-06-23	1	0	2	0	1	3	2	1	2	4	2	7	6	7	2	5	7	2	1	4	2	1	0	0
2019-06-24	0	0	1	5	4	23	33	39	52	34	39	44	41	38	38	35	41	29	17	25	8	3	2	1
2019-06-25	1	2	1	1	5	21	35	41	43	42	50	48	41	40	32	28	38	35	19	14	8	3	3	2
2019-06-26	0	0	0	2	5	26	44	37	33	47	41	43	43	45	42	39	34	33	22	16	11	0	1	2
2019-06-27	1	4	0	3	6	21	47	42	37	44	38	47	35	45	40	46	40	28	28	19	13	1	2	1
2019-06-28	2	1	1	5	9	21	32	39	53	41	43	48	40	41	40	40	35	36	22	27	10	6	4	1
2019-06-29	0	2	2	0	3	9	10	7	13	10	13	23	22	17	14	12	16	8	12	13	6	4	1	0
2019-06-30	1	3	0	0	0	3	3	0	1	2	2	4	3	3	5	1	6	3	3	3	1	2	1	0
2019-07-01	0	0	0	2	6	21	30	34	41	33	48	39	46	42	36	30	38	38	25	22	6	6	2	0
2019-07-02	2	0	2	1	6	21	42	28	44	51	40	48	51	38	36	42	35	25	28	14	9	3	2	2
2019-07-03	1	2	0	1	6	17	37	42	39	41	40	53	40	48	39	41	41	40	34	18	12	3	2	1
2019-07-04	3	1	1	1	7	19	39	38	27	39	53	42	42	37	43	43	37	27	35	22	12	7	4	3
2019-07-05	1	2	5	2	6	25	32	43	35	48	39	64	39	41	31	36	29	27	22	21	11	3	4	1
2019-07-06	4	1	1	1	2	10	9	7	10	19	20	17	16	22	12	6	15	9	8	12	4	2	1	0
2019-07-07	1	0	0	0	3	1	0	0	2	4	0	8	3	4	3	4	2	5	2	2	3	2	1	0
2019-07-08	0	0	0	4	5	19	33	46	50	43	47	35	42	34	37	37	38	27	25	20	15	4	2	2
2019-07-09	1	3	0	2	5	22	36	63	40	54	59	55	42	45	46	44	39	25	22	18	7	5	1	0
2019-07-10	1	3	1	2	7	19	45	31	46	45	39	61	44	48	39	51	41	27	21	15	13	3	1	1
2019-07-11	2	2	0	2	8	23	34	43	42	50	54	40	43	51	40	35	31	28	27	22	9	5	0	1
2019-07-12	1	1	2	3	5	19	37	49	52	47	45	60	33	44	31	35	43	34	27	20	9	4	2	0
2019-07-13	2	1	1	0	6	8	10	12	13	19	20	18	15	15	10	6	5	11	14	12	4	2	1	6
2019-07-14	0	1	1	0	0	4	1	0	3	1	1	9	9	4	6	2	2	8	3	0	1	2	3	0
2019-07-15	1	0	0	1	4	17	28	48	46	46	41	37	41	45	37	32	35	22	21	19	10	2	1	0
2019-07-16	2	2	0	1	6	17	47	48	51	52	54	30	33	34	32	29	21	24	21	20	7	1	0	1
2019-07-17	1	0	3	3	3	23	47	47	46	39	47	49	32	34	35	28	30	26	23	22	9	3	0	0
2019-07-18	2	2	1	1	12	16	36	37	40	63	43	33	40	36	30	27	41	32	29	22	7	1	1	1
2019-07-19	3	1	4	1	8	18	26	45	44	66	46	44	43	43	29	31	29	20	19	20	9	4	0	0
2019-07-20	0	2	2	1	5	8	13	9	7	13	9	9	11	17	12	11	10	9	11	12	3	0	0	0
2019-07-21	0	1	2	1	1	0	2	1	1	0	4	3	4	9	4	3	5	4	4	0	0	1	1	0
2019-07-22	0	0	1	0	6	17	28	34	26	41	46	43	31	29	19	32	23	25	21	20	8	2	0	1
2019-07-23	0	2	1	1	4	20	42	44	33	52	49	50	37	30	32	32	30	29	22	21	9	3	1	1
2019-07-24	2	2	0	1	7	20	28	37	37	40	42	47	39	32	19	18	21	28	22	19	7	3	2	1
2019-07-25	1	2	0	1	4	17	28	36	26	31	30	42	37	33	38	14	27	18	17	20	12	0	3	1
2019-07-26	1	2	2	4	6	12	20	23	32	42	39	29	31	42	18	22	27	18	19	23	15	2	7	0
2019-07-27	0	0	2	0	2	8	7	8	6	9	15	13	7	11	10	9	14	11	12	15	4	2	0	0
2019-07-28	0	0	1	0	0	3	2	0	2	1	3	5	6	6	4	4	4	7	0	1	1	0	0	0
2019-07-29	0	0	1	1	6	11	18	25	25	38	37	37	28	33	23	15	25	21	17	22	13	3	1	2
2019-07-30	2	2	1	1	8	11	15	29	31	32	27	44	23	25	30	16	24	17	17	20	8	6	1	2
2019-07-31	0	6	0	2	2	12	29	18	22	31	43	37	32	33	20	18	13	23	15	19	14	1	0	1
2019-08-01	1	3	0	2	6	12	20	27	22	28	45	24	23	36	29	22	21	19	18	19	9	1	0	1
2019-08-02	1	3	1	2	5	11	19	28	35	43	34	37	24	27	20	19	18	18	16	17	7	7	3	2
2019-08-03	1	1	1	2	7	5	10	5	5	10	15	12	14	14	14	8	12	8	10	14	4	2	1	0
2019-08-04	1	0	0	1	1	2	0	1	2	2	6	4	3	7	3	4	1	2	1	4	0	2	0	1
2019-08-05	0	0	1	2	4	9	21	28	20	34	32	34	27	30	30	21	16	20	19	17	7	5	0	1
2019-08-06	2	2	1	0	6	14	14	22	28	27	29	26	26	24	18	26	20	22	16	16	9	1	0	0
2019-08-07	2	1	2	1	4	15	19	21	22	22	25	28	21	22	19	19	21	18	15	23	11	1	0	0
2019-08-08	2	3	1	0	5	9	17	23	23	29	27	36	19	28	25	24	20	17	17	17	10	1	2	1
2019-08-09	2	2	1	4	3	12	13	21	23	40	28	34	17	17	24	13	20	44	14	16	7	3	3	1
2019-08-10	3	1	0	0	4	6	8	6	8	12	13	10	13	11	14	11	12	12	11	14	6	1	0	1
2019-08-11	0	1	0	0	0	1	2	1	4	1	4	7	0	3	5	7	6	6	1	3	1	1	1	2
2019-08-12	0	0	1	1	7	13	21	20	21	25	33	21	32	24	27	21	21	17	17	16	8	0	0	2
2019-08-13	1	0	0	2	7	10	14	26	30	27	27	30	28	34	22	25	22	18	13	19	9	1	2	3
2019-08-14	2	3	0	1	7	13	21	24	28	31	34	51	28	24	28	11	15	17	14	17	9	7	0	6
2019-08-15	0	2	0	0	0	4	1	4	5	3	4	5	0	2	3	9	2	7	2	1	0	4	0	1
2019-08-16	0	0	1	1	9	11	16	17	27	34	37	36	23	31	29	19	24	19	16	18	6	2	3	0
2019-08-17	2	1	2	0	5	5	9	5	10	11	15	10	11	12	14	8	7	10	8	14	2	1	0	1
2019-08-18	0	0	0	0	2	2	0	1	4	2	3	4	7	3	4	1	2	2	3	4	1	1	0	0
2019-08-19	0	0	0	3	4	18	20	41	37	44	40	35	34	36	33	27	26	16	23	18	6	0	2	0
2019-08-20	3	2	0	3	5	16	34	27	40	43	38	30	38	35	27	33	38	35	22	20	8	7	1	0
2019-08-21	0	1	0	0	6	16	31	32	32	44	52	45	40	31	28	29	32	20	20	26	8	4	1	0
2019-08-22	1	0	1	0	5	16	35	50	35	36	45	58	51	36	26	35	34	28	23	19	8	2	1	0
2019-08-23	0	2	1	2	7	11	27	38	47	47	60	49	34	36	32	31	33	17	19	21	11	2	4	1
2019-08-24	1	1	0	1	4	5	8	9	11	12	17	13	12	16	13	12	12	11	12	15	5	3	3	0
2019-08-25	0	1	0	1	0	1	0	1	2	3	2	7	7	8	3	3	4	7	0	6	6	2	2	0
2019-08-26	1	2	2	1	9	19	36	34	37	43	49	44	38	43	33	37	28	18	25	17	14	2	2	1
2019-08-27	0	1	1	1	7	20	27	39	36	42	29	34	32	27	29	28	27	26	22	16	11	3	3	2
2019-08-28	0	2	1	3	8	18	35	28	41	44	56	42	32	30	33	28	42	22	19	27	10	4	1	2
2019-08-29	1	0	3	2	6	21	33	34	28	37	26	49	32	54	39	45	28	22	26	24	8	2	2	1
2019-08-30	0	2	1	2	8	16	34	26	32	48	43	44	40	41	37	26	24	29	21	19	13	6	1	1
2019-08-31	0	2	6	3	5	6	9	15	8	13	18	12	6	13	10	10	11	15	12	11	5	2	1	0
2019-09-01	1	1	0	0	2	0	1	2	1	3	9	10	11	5	2	5	3	5	3	2	1	1	1	1
2019-09-02	0	1	4	1	4	17	32	37	29	34	34	34	33	37	20	40	28	20	22	23	11	3	0	2
2019-09-03	2	1	2	0	6	28	31	46	31	42	32	35	34	46	30	34	37	34	22	22	10	2	2	0
2019-09-04	1	3	1	0	7	21	36	40	29	44	44	37	32	35	28	26	30	24	19	19	8	4	3	0
2019-09-05	3	1	3	0	6	28	39	36	32	38	42	44	32	46	31	35	36	21	22	20	10	2	1	0
2019-09-06	2	2	1	2	5	30	45	41	44	62	54	51	42	48	38	46	31	40	28	18	15	4	4	0
2019-09-07	1	1	1	2	4	4	11	11	8	10	14	15	9	14	6	8	12	7	13	13	3	2	1	0
2019-09-08	0	0	0	1	1	0	3	1	1	6	4	5	7	8	3	1	2	2	3	5	3	1	1	0
2019-09-09	1	0	2	1	8	18	43	51	49	58	60	44	35	44	41	38	35	34	23	20	11	1	2	0
2019-09-10	3	0	0	2	6	23	33	43	47	51	46	37	40	36	44	43	32	28	25	27	14	2	3	1
2019-09-11	1	3	1	0	5	15	39	37	39	48	55	59	37	51	39	34	34	29	21	22	10	2	2	1
2019-09-12	0	3	0	2	11	15	37	42	44	43	53	63	40	47	36	34	35	26	21	19	9	3	2	2
2019-09-13	3	2	1	2	8	25	29	50	36	54	51	53	36	50	28	37	31	18	26	24	12	10	4	2
2019-09-14	0	0	1	1	2	5	7	13	13	11	9	16	7	12	7	6	12	9	12	12	4	1	3	0
2019-09-15	0	0	1	0	1	1	1	6	1	2	5	4	4	6	4	5	1	8	1	4	3	3	1	0
2019-09-16	2	0	0	4	9	17	31	49	36	52	43	42	48	50	43	38	38	31	21	22	9	0	2	2
2019-09-17	3	2	2	3	8	17	39	41	37	47	44	38	51	40	38	29	30	22	18	19	9	4	2	2
2019-09-18	2	3	2	2	5	18	36	45	35	43	36	39	41	38	46	33	38	32	25	20	12	4	0	1
2019-09-19	3	2	1	0	7	22	35	41	32	49	50	48	42	53	49	34	28	24	17	18	8	2	0	3
2019-09-20	2	5	1	3	8	22	45	58	48	54	56	66	62	54	54	41	38	28	22	25	11	1	1	1
2019-09-21	1	1	1	1	4	5	9	7	7	20	22	15	6	11	8	10	15	8	8	13	4	1	1	0
2019-09-22	1	1	1	0	0	1	1	1	3	1	3	5	3	2	5	3	2	3	6	17	0	0	0	0
2019-09-23	0	1	0	3	9	19	33	38	38	39	47	52	43	47	38	35	36	31	20	22	7	3	1	5
2019-09-24	4	1	0	2	6	18	33	45	25	41	49	36	42	40	39	32	39	18	20	12	13	1	2	0
2019-09-25	2	4	0	0	5	18	39	41	41	35	50	53	35	46	26	26	32	29	21	16	6	0	2	1
2019-09-26	4	1	1	0	7	18	41	49	40	27	44	45	43	31	44	35	30	29	23	20	5	5	2	0
2019-09-27	3	1	1	1	10	10	36	43	41	57	47	47	37	33	32	31	36	26	23	25	9	4	2	1
2019-09-28	1	4	5	0	3	8	11	2	7	7	12	12	10	14	12	6	10	9	10	13	3	2	0	0
2019-09-29	0	0	0	5	0	0	1	3	2	1	1	3	0	1	5	0	1	6	2	1	1	23	1	0
2019-09-30	1	0	0	3	5	16	33	47	37	42	44	33	46	37	48	29	34	26	23	22	12	2	1	0
2019-10-01	2	4	0	0	8	18	33	42	33	36	40	40	43	50	53	29	37	25	22	16	14	2	2	2
2019-10-02	1	1	2	2	5	16	31	35	31	38	44	42	33	38	25	32	30	32	18	27	6	5	2	0
2019-10-03	6	1	1	7	4	21	37	55	50	56	51	51	61	50	40	41	40	25	13	19	5	1	0	1
2019-10-04	2	1	3	3	6	18	38	44	31	52	42	32	36	37	34	32	41	21	22	18	11	1	1	4
2019-10-05	0	1	2	1	2	4	8	5	10	11	12	14	15	10	6	16	14	16	12	14	7	2	1	0
2019-10-06	0	0	1	1	0	2	1	1	0	0	3	5	3	3	1	0	3	2	7	1	0	1	1	0
2019-10-07	0	0	1	4	7	19	34	40	41	48	57	49	33	46	37	38	38	32	16	20	6	3	3	3
2019-10-08	2	0	2	1	4	23	31	32	36	46	40	36	44	37	34	27	33	27	23	15	10	1	1	4
2019-10-09	0	1	1	0	8	11	30	37	30	39	49	49	35	47	38	55	34	20	25	22	7	5	0	1
2019-10-10	2	1	2	1	9	15	33	50	41	42	54	42	47	50	39	35	23	24	24	16	11	0	0	2
2019-10-11	2	1	2	2	5	18	29	39	34	46	47	43	30	39	30	33	34	26	20	25	7	9	1	1
2019-10-12	1	4	1	1	6	5	10	6	7	11	16	13	7	12	5	7	11	8	13	8	3	2	2	2
2019-10-13	1	1	1	0	1	0	2	2	2	1	10	15	5	5	9	4	1	4	3	3	0	1	0	1
2019-10-14	0	1	1	4	5	15	30	34	29	37	41	47	36	33	36	35	35	34	28	15	9	4	0	1
2019-10-15	3	2	0	1	4	19	26	46	32	54	51	41	48	44	27	38	27	25	25	14	7	2	0	0
2019-10-16	1	3	0	0	3	15	26	36	41	54	52	40	40	48	46	45	31	18	24	17	7	0	1	0
2019-10-17	1	1	1	2	5	20	27	46	45	39	42	46	51	40	39	35	30	21	19	19	8	0	1	0
2019-10-18	1	1	3	1	4	14	27	32	37	64	58	57	43	47	32	32	27	17	23	20	9	1	0	0
2019-10-19	0	2	5	0	2	7	10	6	10	9	14	12	6	11	9	12	10	9	11	13	2	2	1	0
2019-10-20	1	0	0	1	0	0	1	1	1	1	10	2	10	1	0	0	2	2	0	3	0	1	0	0
2019-10-21	2	2	0	2	4	24	28	30	33	27	31	30	27	49	33	39	33	27	16	21	8	4	1	2
2019-10-22	4	1	0	0	7	17	34	38	37	43	36	51	38	44	39	39	36	25	22	16	6	4	0	4
2019-10-23	2	2	1	3	5	26	44	52	39	41	46	51	45	60	35	35	35	40	21	23	9	7	2	1
2019-10-24	1	1	6	2	5	21	27	42	50	40	38	40	48	45	38	39	37	26	21	18	5	3	1	2
2019-10-25	1	5	1	1	8	16	40	60	52	70	61	37	44	44	39	33	30	30	25	21	7	3	0	0
2019-10-26	0	2	1	0	4	6	10	9	16	9	9	13	14	14	10	6	16	12	15	14	6	1	1	0
2019-10-27	0	0	2	0	2	2	1	0	0	1	9	2	1	4	0	1	8	2	1	0	0	2	1	2
2019-10-28	0	1	2	3	9	36	46	33	46	37	43	34	41	45	47	33	24	23	22	14	1	1	1	2
2019-10-29	0	1	0	3	20	34	42	48	41	39	47	50	41	40	28	33	27	17	21	10	4	2	1	1
2019-10-30	2	1	2	2	16	35	24	32	35	45	34	43	51	45	35	30	25	25	18	7	5	1	4	3
2019-10-31	0	0	0	0	0	0	0	0	0	0	0	0	0	0	0	0	0	0	0	0	0	0	0	0
2019-11-01	2	1	0	2	1	4	4	0	4	1	4	7	2	4	5	3	2	3	3	1	0	2	0	3
2019-11-02	3	0	1	0	3	5	10	5	8	12	10	15	8	10	11	6	12	7	11	11	5	1	1	0
2019-11-03	0	1	1	0	3	0	2	0	0	0	1	4	1	2	2	1	0	3	3	0	0	1	1	1
2019-11-04	1	0	2	3	3	16	30	42	37	45	53	45	49	56	30	46	34	28	27	20	7	0	1	0
2019-11-05	3	3	0	1	4	18	44	30	41	53	48	55	34	46	34	46	42	24	23	21	7	6	1	0
2019-11-06	2	3	0	0	8	15	40	39	33	37	52	50	40	51	37	41	34	23	19	13	10	2	1	2
2019-11-07	1	3	0	2	4	18	33	42	37	50	49	49	52	46	31	30	29	25	31	18	9	4	3	4
2019-11-08	0	4	3	3	8	13	31	35	34	47	59	60	36	40	41	44	22	32	28	17	11	2	1	1
2019-11-09	5	1	2	2	7	8	11	7	8	13	18	9	11	16	8	14	14	12	9	13	3	0	0	0
2019-11-10	1	0	0	1	2	0	0	2	0	0	0	2	3	4	2	1	3	5	1	3	3	1	1	1
2019-11-11	0	0	0	0	0	0	0	0	0	0	0	0	0	0	0	0	0	0	0	0	0	0	0	0
2019-11-12	2	0	1	3	6	20	23	32	32	43	46	48	30	33	24	18	6	5	3	1	6	5	0	1
2019-11-13	3	2	4	0	8	18	30	34	32	37	38	43	34	29	45	32	32	25	27	24	6	1	0	0
2019-11-14	1	1	1	1	6	18	29	47	33	43	44	46	45	50	40	46	37	13	24	18	10	5	0	2
2019-11-15	1	5	3	1	9	16	24	52	36	42	45	61	42	38	40	28	27	20	21	21	14	2	2	0
2019-11-16	0	3	1	1	5	6	10	8	11	12	16	12	13	15	8	13	15	12	10	11	3	1	0	0
2019-11-17	1	0	1	2	1	2	4	6	3	0	0	8	3	2	3	3	5	3	5	3	2	1	1	1
2019-11-18	3	0	2	0	10	18	36	32	48	37	40	35	37	34	28	24	17	13	8	5	0	2	1	1
2019-11-19	1	2	2	6	7	15	29	31	40	42	39	48	42	43	32	28	39	22	22	16	11	2	2	4
2019-11-20	2	4	1	4	8	23	33	30	21	48	43	45	44	39	42	34	28	33	21	21	8	6	2	2
2019-11-21	4	1	2	1	5	19	39	43	39	54	48	47	67	47	52	44	37	21	25	18	8	2	1	1
2019-11-22	1	3	3	1	8	12	36	42	39	46	68	50	44	32	41	39	38	17	21	20	7	1	1	2
2019-11-23	0	2	1	0	5	5	13	12	12	10	14	9	11	10	11	9	8	8	11	9	5	0	2	0
2019-11-24	1	0	1	0	3	1	3	5	0	0	2	5	2	3	3	2	3	4	1	3	1	1	1	1
2019-11-25	0	0	0	1	4	15	31	46	46	48	71	54	40	35	35	40	35	23	23	16	7	3	1	1
2019-11-26	2	2	1	1	8	17	38	44	49	55	55	46	46	58	44	43	36	23	16	19	9	3	2	1
2019-11-27	1	4	0	2	6	20	45	29	41	46	47	50	31	43	38	30	27	19	20	12	8	0	0	1
2019-11-28	3	0	2	1	5	15	28	34	47	40	39	40	46	46	28	33	28	20	17	18	13	2	3	2
2019-11-29	2	4	2	1	5	21	38	36	30	49	45	46	53	41	41	35	21	22	20	16	10	10	1	3
2019-11-30	2	4	2	1	3	9	15	7	9	11	13	17	6	12	14	11	13	13	7	10	7	3	2	1
2019-12-01	0	1	1	0	1	2	0	0	1	0	3	5	4	3	4	3	5	2	2	5	1	2	1	0
2019-12-02	1	1	0	3	11	19	37	42	24	36	36	42	36	40	37	38	29	22	24	17	7	1	0	3
2019-12-03	2	3	1	2	6	15	32	33	46	42	39	32	33	39	40	35	41	21	18	19	9	3	3	2
2019-12-04	4	2	0	3	10	18	28	33	39	47	34	45	34	44	41	40	21	27	23	13	2	3	1	2
2019-12-05	5	3	1	2	6	23	38	47	51	60	46	58	45	41	49	30	27	25	22	20	13	5	6	2
2019-12-06	3	3	2	3	6	17	31	34	39	47	49	41	35	33	21	33	25	19	20	22	6	3	2	1
2019-12-07	2	1	2	0	4	5	9	11	5	14	13	11	10	9	9	9	13	9	12	9	2	0	0	0
2019-12-08	0	0	1	1	2	1	3	1	2	3	2	2	0	1	2	2	1	2	0	3	2	1	2	0
2019-12-09	0	2	0	1	7	19	32	24	35	38	36	44	31	36	37	27	27	19	16	23	9	2	2	0
2019-12-10	2	2	0	5	8	19	29	31	35	45	40	57	41	30	31	39	30	21	17	21	7	0	3	1
2019-12-11	2	1	1	0	8	21	32	22	38	29	37	38	39	36	24	29	22	26	21	20	9	1	1	2
2019-12-12	2	1	2	2	8	19	33	40	41	41	30	42	33	42	37	30	34	30	22	20	12	1	2	0
2019-12-13	3	2	3	6	7	17	32	38	52	39	43	53	40	36	19	23	12	21	13	17	9	3	0	2
2019-12-14	1	2	1	1	4	3	27	7	11	10	12	11	11	11	6	8	9	8	9	12	3	1	1	0
2019-12-15	0	0	0	0	0	0	0	0	0	0	0	0	0	0	0	0	0	0	0	0	0	0	0	0
2019-12-16	0	0	1	3	6	18	33	34	26	34	32	38	31	35	38	29	22	19	21	15	9	2	1	2
2019-12-17	2	2	1	3	4	18	41	39	31	42	44	59	37	41	44	44	32	24	18	20	22	0	1	1
2019-12-18	1	2	2	3	5	21	38	32	30	44	44	50	38	42	36	32	20	29	23	19	11	1	5	0
2019-12-19	2	3	0	3	3	17	27	45	35	54	47	57	37	44	34	42	21	20	29	21	10	6	3	3
2019-12-20	1	2	0	3	4	16	32	33	23	35	32	40	35	29	28	28	26	17	14	23	10	1	3	5
2019-12-21	0	0	2	1	4	9	10	9	8	8	17	12	9	15	11	11	9	10	9	12	2	0	0	0
2019-12-22	0	0	0	2	2	1	2	1	0	4	0	2	1	2	1	0	1	2	0	2	1	2	1	0
2019-12-23	0	2	0	2	5	15	16	34	21	25	29	30	21	28	17	16	17	14	19	14	9	1	0	1
2019-12-24	1	0	1	2	9	17	16	17	26	19	31	19	21	29	13	10	9	16	13	14	2	0	0	0
2019-12-25	0	0	0	0	0	0	0	0	0	0	0	2	0	2	1	1	1	2	0	1	0	1	0	1
2019-12-26	1	3	1	1	1	1	1	5	2	5	5	8	4	1	2	3	3	3	1	1	0	0	1	1
2019-12-27	2	2	0	1	5	12	15	23	24	23	32	21	21	26	18	12	12	15	15	15	6	1	1	0
2019-12-28	0	1	2	3	3	7	9	5	5	9	20	10	6	14	9	13	7	11	12	11	4	1	0	1
2019-12-29	0	1	0	2	2	3	2	2	2	1	1	4	3	4	4	5	2	5	2	2	1	0	0	0
2019-12-30	0	1	0	3	6	15	14	20	18	23	27	19	23	26	20	18	11	15	12	18	6	3	1	2
2019-12-31	1	0	2	2	6	12	13	22	21	25	26	19	16	22	8	10	9	13	13	14	7	1	2	0
2020-01-01	1	0	0	1	2	1	0	1	2	0	0	3	0	2	1	1	0	2	0	0	3	1	0	1
2020-01-02	1	0	2	0	4	13	20	18	16	12	16	22	21	28	22	11	17	10	15	16	9	0	1	4
2020-01-03	0	2	1	1	10	12	25	31	21	23	34	29	15	26	24	11	12	15	15	16	13	1	1	1
2020-01-04	1	1	1	0	4	7	9	8	5	10	12	8	6	14	5	12	10	10	7	10	4	1	0	0
2020-01-05	0	0	0	1	0	0	2	0	2	0	1	4	3	2	2	2	2	3	0	3	0	1	1	0
2020-01-06	1	1	0	3	5	15	24	29	26	38	37	33	26	30	19	28	23	25	20	17	9	4	4	2
2020-01-07	1	1	1	1	7	15	26	24	26	34	37	35	35	29	28	24	26	20	16	18	8	1	1	2
2020-01-08	1	3	1	2	11	16	33	32	31	40	35	34	19	30	24	32	27	21	18	15	6	4	2	2
2020-01-09	0	1	2	4	6	15	30	26	25	29	37	42	29	24	20	28	23	13	20	14	7	3	0	2
2020-01-10	0	2	2	3	4	15	28	32	21	36	33	43	24	23	40	36	25	16	20	18	7	0	2	3
2020-01-11	0	1	1	3	3	8	10	5	11	10	16	15	11	14	10	10	7	10	6	12	3	1	1	0
2020-01-12	1	0	2	0	2	4	1	0	1	1	0	2	1	7	1	0	0	4	0	3	1	0	3	0
2020-01-13	1	0	1	4	9	21	33	29	32	44	49	42	39	47	38	31	29	25	15	14	7	0	3	2
2020-01-14	2	3	1	4	4	14	26	40	23	44	53	40	41	39	38	31	34	22	23	15	8	2	2	3
2020-01-15	2	2	1	4	9	15	30	37	32	51	42	62	33	36	36	37	27	25	23	16	7	2	0	2
2020-01-16	1	1	3	5	6	17	45	26	42	38	39	46	57	44	39	35	28	20	20	16	9	2	2	3
2020-01-17	2	1	2	1	7	18	36	33	45	52	47	33	29	36	33	38	26	23	17	17	7	0	2	1
2020-01-18	1	3	3	3	5	7	10	9	9	14	14	11	6	13	9	9	8	11	9	14	3	3	0	0
2020-01-19	1	1	1	1	2	2	0	1	2	1	1	3	1	4	3	0	2	3	2	3	4	1	1	1
2020-01-20	1	1	2	5	6	15	33	29	31	32	38	36	30	23	28	34	31	23	29	20	10	4	1	1
2020-01-21	1	3	2	4	6	18	33	36	35	48	42	32	35	31	39	36	27	24	18	24	12	2	2	3
2020-01-22	1	3	1	6	7	16	28	28	36	34	34	45	40	35	39	45	27	34	27	24	9	3	1	2
2020-01-23	1	4	0	4	9	17	33	30	35	37	49	49	57	45	37	33	31	24	18	23	12	0	2	2
2020-01-24	2	4	3	2	3	19	32	46	40	46	55	49	35	35	35	41	34	20	18	18	8	0	1	0
2020-01-25	3	2	1	3	5	5	11	8	12	16	21	11	5	8	11	9	12	11	7	9	5	1	2	1
2020-01-26	2	1	1	0	2	2	1	1	0	1	1	5	4	1	1	2	1	6	3	4	0	2	1	1
2020-01-27	0	1	0	3	6	18	35	26	32	32	37	37	32	35	30	32	19	22	17	16	10	0	0	1
2020-01-28	1	3	0	3	3	12	24	37	26	28	33	41	36	42	32	31	28	22	21	16	9	3	1	1
2020-01-29	0	0	2	2	7	15	26	32	22	39	37	46	39	41	29	35	31	23	23	17	8	1	1	0
2020-01-30	2	2	0	2	8	16	29	37	28	41	39	36	36	31	25	32	26	24	16	14	6	4	1	2
2020-01-31	1	2	4	1	7	15	35	27	33	44	43	44	30	27	27	31	22	24	19	17	8	1	2	2
2020-02-01	0	2	1	2	3	9	9	3	8	8	26	9	10	13	10	9	10	8	20	11	4	2	1	1
2020-02-02	0	1	1	0	2	0	1	1	0	0	2	4	0	1	4	2	1	2	1	3	0	0	0	0
2020-02-03	0	0	1	2	7	16	33	41	37	40	50	34	36	39	35	41	41	25	17	13	9	0	0	1
2020-02-04	1	2	0	8	4	18	38	36	30	45	41	44	39	36	35	38	30	20	15	17	5	4	1	2
2020-02-05	2	2	1	3	7	20	27	30	40	44	37	40	46	39	35	34	30	30	25	21	11	4	0	4
2020-02-06	1	3	2	3	7	21	30	44	44	48	52	42	51	53	41	40	37	32	17	17	8	2	1	2
2020-02-07	2	3	2	4	3	17	33	41	55	54	60	55	38	43	43	38	36	25	19	16	11	3	3	1
2020-02-08	2	0	1	2	8	6	10	5	10	10	16	13	12	12	13	8	11	12	11	11	4	1	0	1
2020-02-09	0	0	1	0	0	2	3	0	0	0	0	2	2	3	3	2	2	4	1	2	0	0	1	0
2020-02-10	0	0	0	0	0	0	0	0	0	0	0	0	0	0	0	0	0	0	0	0	0	0	0	0
2020-02-11	3	4	1	1	6	16	29	35	41	42	54	52	47	37	27	47	34	20	19	17	8	3	1	1
2020-02-12	1	1	3	4	8	14	26	27	43	48	49	44	36	36	39	40	33	26	22	19	12	0	2	2
2020-02-13	1	0	0	1	6	23	31	40	38	54	52	51	28	19	34	32	28	21	16	17	7	3	0	2
2020-02-14	0	2	1	2	6	13	31	40	42	50	46	58	46	47	37	33	30	21	18	16	10	1	0	0
2020-02-15	1	1	0	2	5	6	12	6	10	10	13	12	8	13	5	10	10	11	8	11	2	2	0	1
2020-02-16	0	0	1	1	1	0	2	1	0	2	0	3	0	3	4	0	0	5	0	3	0	0	2	0
2020-02-17	0	0	0	0	4	13	33	37	38	35	44	45	38	50	38	38	46	26	21	20	11	1	1	1
2020-02-18	1	3	0	1	5	13	25	36	41	41	46	43	35	34	33	38	26	26	19	17	10	2	0	0
2020-02-19	0	0	0	0	0	0	0	0	0	0	0	0	0	0	0	0	0	0	0	0	0	0	0	0
2020-02-20	0	3	0	2	6	12	28	46	37	48	52	34	37	47	33	35	38	21	18	19	8	1	2	1
2020-02-21	2	1	0	4	6	15	30	31	33	56	51	36	30	25	35	36	27	26	20	20	14	3	2	2
2020-02-22	1	0	2	2	5	7	9	6	12	13	12	13	6	12	10	10	9	10	9	11	4	0	2	0
2020-02-23	0	0	1	2	1	0	3	2	0	0	0	3	2	1	1	0	1	1	1	2	0	2	1	0
2020-02-24	0	0	0	2	8	12	26	27	23	33	28	36	27	62	53	44	32	20	16	18	8	2	3	2
2020-02-25	0	2	0	1	4	12	27	25	32	35	38	44	33	41	29	23	38	20	17	12	9	5	2	2
2020-02-26	1	3	2	4	13	18	26	31	32	31	32	36	36	42	42	39	24	24	20	26	9	3	3	2
2020-02-27	1	1	2	1	7	23	22	27	23	40	41	27	28	32	18	22	24	16	16	17	15	3	1	1
2020-02-28	6	5	2	2	7	16	20	30	25	37	46	45	32	32	29	33	25	20	20	15	8	1	4	0
2020-02-29	0	1	2	1	3	8	9	6	11	13	14	12	17	11	8	15	11	16	6	11	2	0	0	0
2020-03-01	0	1	1	0	2	3	2	0	0	1	1	5	0	4	1	1	1	3	2	1	2	0	5	1
2020-03-02	1	0	0	2	3	16	32	32	38	44	37	39	55	72	67	60	81	41	25	12	10	3	1	1
2020-03-03	1	2	0	1	8	17	34	43	43	34	32	48	37	36	43	35	38	19	13	18	7	3	0	1
2020-03-04	0	1	1	3	4	15	34	32	33	24	42	49	47	33	42	28	40	29	19	21	6	4	0	1
2020-03-05	0	1	1	0	9	23	29	33	33	40	38	49	33	42	38	36	34	27	23	20	6	3	2	0
2020-03-06	3	0	2	5	7	17	26	42	38	59	64	43	38	38	32	31	37	21	19	17	8	2	0	1
2020-03-07	1	1	1	1	5	8	11	7	13	16	18	14	5	13	14	10	15	10	8	11	5	0	0	0
2020-03-08	1	0	0	2	1	0	3	1	2	1	1	2	0	1	1	0	4	2	1	1	9	1	0	0
2020-03-09	1	1	1	1	9	20	39	33	34	32	42	30	35	37	28	27	34	26	30	15	11	0	1	4
2020-03-10	0	0	0	0	0	0	0	0	0	0	0	0	0	0	0	0	0	0	0	0	0	0	0	0
2020-03-11	2	3	0	1	3	21	28	34	34	55	41	44	28	45	24	28	31	25	15	14	8	1	0	3
2020-03-12	3	2	0	0	9	23	27	32	34	39	50	48	39	37	35	43	35	20	23	23	11	2	2	0
2020-03-13	1	3	2	2	7	18	35	33	35	47	52	52	35	37	25	31	40	30	24	23	12	6	1	3
2020-03-14	1	3	1	1	4	9	11	8	11	15	21	15	16	20	16	21	14	10	7	11	3	0	0	1
2020-03-15	0	0	0	0	0	2	3	3	2	1	1	3	2	3	1	3	3	3	1	2	0	3	0	0
2020-03-16	0	0	2	1	7	22	30	23	28	41	37	42	30	35	28	36	31	26	18	23	10	2	3	1
2020-03-17	2	3	1	0	8	15	31	39	39	38	46	45	42	43	26	31	32	29	29	22	11	1	3	2
2020-03-18	0	2	0	3	7	25	28	27	29	32	54	36	31	30	31	33	26	23	19	23	7	1	2	2
2020-03-19	0	0	3	4	14	14	31	29	23	37	42	27	22	36	27	22	23	25	16	20	9	2	2	1
2020-03-20	1	1	1	1	5	14	25	34	49	40	40	34	21	30	23	27	23	19	21	17	12	1	0	0
2020-03-21	0	1	3	1	3	4	6	6	12	12	6	7	4	11	8	8	7	9	8	14	2	1	0	1
2020-03-22	2	1	0	1	1	1	1	1	0	0	0	0	0	0	0	0	0	0	0	3	0	0	0	1
2020-03-23	0	0	2	3	6	18	16	21	16	21	28	23	24	24	19	12	15	19	18	19	10	4	0	2
2020-03-24	0	3	0	0	3	14	15	25	24	22	33	37	22	23	19	15	17	21	18	17	6	5	1	2
2020-03-25	0	3	0	1	5	16	17	23	21	21	27	24	24	20	17	21	14	20	15	15	11	1	0	0
2020-03-26	1	3	1	1	3	12	16	29	15	20	23	25	20	27	15	22	21	19	15	13	8	0	1	1
2020-03-27	0	2	0	1	4	11	18	21	23	36	28	19	21	26	17	12	15	20	18	15	15	4	2	2
2020-03-28	1	2	0	0	4	5	7	3	7	10	11	12	6	8	9	9	14	10	6	10	2	1	1	1
2020-03-29	0	0	0	0	0	0	0	0	0	0	0	0	0	0	0	0	0	0	0	0	0	0	0	0
2020-03-30	1	1	1	2	5	13	16	23	20	21	12	19	22	22	26	22	27	18	18	17	7	2	3	1
2020-03-31	1	2	2	0	4	12	15	25	17	20	17	26	24	21	20	22	20	21	13	16	8	2	0	3
2020-04-01	0	1	1	2	3	13	14	21	13	22	17	15	17	23	16	11	11	19	14	15	7	1	1	2
2020-04-02	1	3	2	1	5	15	20	24	14	22	24	12	15	24	15	19	18	19	13	14	8	2	0	2
2020-04-03	1	1	3	0	4	9	20	18	23	24	24	24	24	21	18	25	17	14	16	14	9	2	1	3
2020-04-04	1	2	2	2	3	5	4	5	9	13	12	9	4	9	7	6	12	8	11	7	2	0	0	0
2020-04-05	0	0	0	1	0	1	1	1	1	0	0	0	0	0	1	0	0	0	1	2	0	1	0	0
2020-04-06	0	0	1	0	6	15	15	21	16	16	16	16	13	21	15	14	18	21	10	15	7	5	4	0
2020-04-07	0	2	1	0	2	11	18	20	17	18	28	22	18	22	19	13	12	20	15	15	13	2	0	0
2020-04-08	2	2	0	0	4	15	22	27	19	23	22	20	14	17	13	18	11	17	19	16	9	1	1	0
2020-04-09	0	2	1	0	3	12	13	22	19	17	20	17	23	14	13	16	11	18	16	13	10	0	2	0
2020-04-10	1	2	0	0	5	11	12	18	17	13	23	20	14	20	24	23	15	17	19	18	6	1	2	2
2020-04-11	0	0	2	0	2	5	6	4	6	7	6	7	4	8	7	6	7	6	10	9	3	0	1	0
2020-04-12	0	0	0	1	1	0	0	0	0	0	0	0	0	0	1	0	0	0	1	0	0	0	1	0
2020-04-13	0	0	0	1	1	0	0	0	3	0	0	0	0	1	0	2	2	1	0	2	0	1	0	0
2020-04-14	1	1	3	0	6	13	20	21	8	13	21	34	17	26	23	23	20	18	15	17	10	1	0	1
2020-04-15	0	3	1	1	6	13	19	23	16	27	20	20	22	25	32	19	21	20	18	21	8	1	0	0
2020-04-16	1	1	0	1	3	13	19	25	21	25	28	26	19	30	19	18	17	22	20	16	10	2	0	0
2020-04-17	0	2	2	0	2	13	18	20	15	21	23	26	21	29	21	22	15	21	17	16	8	1	1	2
2020-04-18	0	0	0	0	0	0	0	0	0	0	0	0	0	0	0	0	0	0	0	0	0	0	0	0
2020-04-19	0	0	0	0	0	0	0	0	0	0	0	0	0	0	0	0	0	0	0	0	0	0	0	0
2020-04-20	0	0	0	0	0	0	0	0	0	0	0	0	0	0	0	0	0	0	0	0	0	0	0	0
2020-04-21	0	0	0	0	0	0	0	0	0	0	0	0	0	0	0	0	0	0	0	0	0	0	0	0
2020-04-22	0	0	0	0	0	0	0	0	0	0	0	0	0	0	0	0	0	0	0	0	0	0	0	0
2020-04-23	0	0	0	0	0	0	0	0	0	0	0	0	0	0	0	0	0	0	0	0	0	0	0	0
2020-04-24	0	0	0	0	0	0	0	0	0	0	0	0	0	0	0	0	0	0	0	0	0	0	0	0
2020-04-25	0	0	0	0	0	0	0	0	0	0	0	0	0	0	0	0	0	0	0	0	0	0	0	0
2020-04-26	0	0	0	0	0	0	0	0	0	0	0	0	0	0	0	0	0	0	0	0	0	0	0	0
2020-04-27	0	0	0	0	0	0	0	0	0	0	0	0	0	0	0	0	0	0	0	0	0	0	0	0
2020-04-28	0	0	0	0	0	0	0	0	0	0	0	0	0	0	0	0	0	0	0	0	0	0	0	0
2020-04-29	0	0	0	0	0	0	0	0	0	0	0	0	0	0	0	0	0	0	0	0	0	0	0	0
2020-04-30	0	0	0	0	0	0	0	0	0	0	0	0	0	0	0	0	0	0	0	0	0	0	0	0
2020-05-01	0	0	0	0	0	0	0	0	0	0	0	0	0	0	0	0	0	0	0	0	0	0	0	0
2020-05-02	0	0	0	0	0	0	0	0	0	0	0	0	0	0	0	0	0	0	0	0	0	0	0	0
2020-05-03	0	0	0	0	0	0	0	0	0	0	0	0	0	0	0	0	0	0	0	0	0	0	0	0
2020-05-04	0	0	0	0	0	0	0	0	0	0	0	0	0	0	0	0	0	0	0	0	0	0	0	0
2020-05-05	0	0	0	0	0	0	0	0	0	0	0	0	0	0	0	0	0	0	0	0	0	0	0	0
2020-05-06	0	0	0	0	0	0	0	0	0	0	0	0	0	0	0	0	0	0	0	0	0	0	0	0
2020-05-07	0	0	0	0	0	0	0	0	0	0	0	0	0	0	0	0	0	0	0	0	0	0	0	0
2020-05-08	0	0	0	0	0	0	0	0	0	0	0	0	0	0	0	0	0	0	0	0	0	0	0	0
2020-05-09	0	0	0	0	0	0	0	0	0	0	0	0	0	0	0	0	0	0	0	0	0	0	0	0
2020-05-10	0	0	0	0	0	0	0	0	0	0	0	0	0	0	0	0	0	0	0	0	0	0	0	0
2020-05-11	0	0	0	0	0	0	0	0	0	0	0	0	0	0	0	0	0	0	0	0	0	0	0	0
2020-05-12	0	0	0	0	0	0	0	0	0	0	0	0	0	0	0	0	0	0	0	0	0	0	0	0
2020-05-13	0	0	0	0	0	0	0	0	0	0	0	0	0	0	0	0	0	0	0	0	0	0	0	0
2020-05-14	0	0	0	0	0	0	0	0	0	0	0	0	0	0	0	0	0	0	0	0	0	0	0	0
2020-05-15	0	0	0	0	0	0	0	0	0	0	0	0	0	0	0	0	0	0	0	0	0	0	0	0
2020-05-16	0	0	0	0	0	0	0	0	0	0	0	0	0	0	0	0	0	0	0	0	0	0	0	0
2020-05-17	0	0	0	0	0	0	0	0	0	0	0	0	0	0	0	0	0	0	0	0	0	0	0	0
2020-05-18	0	0	0	0	0	0	0	0	0	0	0	0	0	0	0	0	0	0	0	0	0	0	0	0
2020-05-19	0	0	0	0	0	0	0	0	0	0	0	0	0	0	0	0	0	0	0	0	0	0	0	0
2020-05-20	0	0	0	0	0	0	0	0	0	0	0	0	0	0	0	0	0	0	0	0	0	0	0	0
2020-05-21	0	0	0	0	0	0	0	0	0	0	0	0	0	0	0	0	0	0	0	0	0	0	0	0
2020-05-22	0	0	0	0	0	0	0	0	0	0	0	0	0	0	0	0	0	0	0	0	0	0	0	0
2020-05-23	0	0	0	0	0	0	0	0	0	0	0	0	0	0	0	0	0	0	0	0	0	0	0	0
2020-05-24	0	0	0	0	0	0	0	0	0	0	0	0	0	0	0	0	0	0	0	0	0	0	0	0
2020-05-25	0	0	0	0	0	0	0	0	0	0	0	0	0	0	0	0	0	0	0	0	0	0	0	0
2020-05-26	0	0	0	0	0	0	0	0	0	0	0	0	0	0	0	0	0	0	0	0	0	0	0	0
2020-05-27	0	0	0	0	0	0	0	0	0	0	0	0	0	0	0	0	0	0	0	0	0	0	0	0
2020-05-28	0	0	0	0	0	0	0	0	0	0	0	0	0	0	0	0	0	0	0	0	0	0	0	0
2020-05-29	0	0	0	0	0	0	0	0	0	0	0	0	0	0	0	0	0	0	0	0	0	0	0	0
2020-05-30	0	0	0	0	0	0	0	0	0	0	0	0	0	0	0	0	0	0	0	0	0	0	0	0
2020-05-31	0	0	0	0	0	0	0	0	0	0	0	0	0	0	0	0	0	0	0	0	0	0	0	0
2020-06-01	0	0	0	0	0	0	0	0	0	0	0	0	0	0	0	0	0	0	0	0	0	0	0	0
2020-06-02	0	0	0	0	0	0	0	0	0	0	0	0	0	0	0	0	0	0	0	0	0	0	0	0
2020-06-03	0	0	0	0	0	0	0	0	0	0	0	0	0	0	0	0	0	0	0	0	0	0	0	0
2020-06-04	0	0	0	0	0	0	0	0	0	0	0	0	0	0	0	0	0	0	0	0	0	0	0	0
2020-06-05	0	0	0	0	0	0	0	0	0	0	0	0	0	0	0	0	0	0	0	0	0	0	0	0
2020-06-06	0	0	0	0	0	0	0	0	0	0	0	0	0	0	0	0	0	0	0	0	0	0	0	0
2020-06-07	0	0	0	0	0	0	0	0	0	0	0	0	0	0	0	0	0	0	0	0	0	0	0	0
2020-06-08	0	0	0	0	0	0	0	0	0	0	0	0	0	0	0	0	0	0	0	0	0	0	0	0
2020-06-09	0	0	0	0	0	0	0	0	0	0	0	0	0	0	0	0	0	0	0	0	0	0	0	0
2020-06-10	0	0	0	0	0	0	0	0	0	0	0	0	0	0	0	0	0	0	0	0	0	0	0	0
2020-06-11	0	0	0	0	0	0	0	0	0	0	0	0	0	0	0	0	0	0	0	0	0	0	0	0
2020-06-12	0	0	0	0	0	0	0	0	0	0	0	0	0	0	0	0	0	0	0	0	0	0	0	0
2020-06-13	0	0	0	0	0	0	0	0	0	0	0	0	0	0	0	0	0	0	0	0	0	0	0	0
2020-06-14	0	0	0	0	0	0	0	0	0	0	0	0	0	0	0	0	0	0	0	0	0	0	0	0
2020-06-15	0	0	0	0	0	0	0	0	0	0	0	0	0	0	0	0	0	0	0	0	0	0	0	0
2020-06-16	0	0	0	0	0	0	0	0	0	0	0	0	0	0	0	0	0	0	0	0	0	0	0	0
2020-06-17	0	0	0	0	0	0	0	0	0	0	0	0	0	0	0	0	0	0	0	0	0	0	0	0
2020-06-18	0	0	0	0	0	0	0	0	0	0	0	0	0	0	0	0	0	0	0	0	0	0	0	0
2020-06-19	0	0	0	0	0	0	0	0	0	0	0	0	0	0	0	0	0	0	0	0	0	0	0	0
2020-06-20	0	0	0	0	0	0	0	0	0	0	0	0	0	0	0	0	0	0	0	0	0	0	0	0
2020-06-21	0	0	0	0	0	0	0	0	0	0	0	0	0	0	0	0	0	0	0	0	0	0	0	0
2020-06-22	0	0	0	0	0	0	0	0	0	0	0	0	0	0	0	0	0	0	0	0	0	0	0	0
2020-06-23	0	0	0	0	0	0	0	0	0	0	0	0	0	0	0	0	0	0	0	0	0	0	0	0
2020-06-24	0	0	0	0	0	0	0	0	0	0	0	0	0	0	0	0	0	0	0	0	0	0	0	0
2020-06-25	0	0	0	0	0	0	0	0	0	0	0	0	0	0	0	0	0	0	0	0	0	0	0	0
2020-06-26	0	0	0	0	0	0	0	0	0	0	0	0	0	0	0	0	0	0	0	0	0	0	0	0
2020-06-27	0	0	0	0	0	0	0	0	0	0	0	0	0	0	0	0	0	0	0	0	0	0	0	0
2020-06-28	0	0	0	0	0	0	0	0	0	0	0	0	0	0	0	0	0	0	0	0	0	0	0	0
2020-06-29	0	0	0	0	0	0	0	0	0	0	0	0	0	0	0	0	0	0	0	0	0	0	0	0
2020-06-30	0	0	0	0	0	0	0	0	0	0	0	0	0	0	0	0	0	0	0	0	0	0	0	0
2020-07-01	0	0	0	0	0	0	0	0	0	0	0	0	0	0	0	0	0	0	0	0	0	0	0	0
2020-07-02	0	0	0	0	0	0	0	0	0	0	0	0	0	0	0	0	0	0	0	0	0	0	0	0
2020-07-03	0	0	0	0	0	0	0	0	0	0	0	0	0	0	0	0	0	0	0	0	0	0	0	0
2020-07-04	0	0	0	0	0	0	0	0	0	0	0	0	0	0	0	0	0	0	0	0	0	0	0	0
2020-07-05	0	0	0	0	0	0	0	0	0	0	0	0	0	0	0	0	0	0	0	0	0	0	0	0
2020-07-06	0	0	0	0	0	0	0	0	0	0	0	0	0	0	0	0	0	0	0	0	0	0	0	0
2020-07-07	0	0	0	0	0	0	0	0	0	0	0	0	0	0	0	0	0	0	0	0	0	0	0	0
2020-07-08	0	0	0	0	0	0	0	0	0	0	0	0	0	0	0	0	0	0	0	0	0	0	0	0
2020-07-09	0	0	0	0	0	0	0	0	0	0	0	0	0	0	0	0	0	0	0	0	0	0	0	0
2020-07-10	0	0	0	0	0	0	0	0	0	0	0	0	0	0	0	0	0	0	0	0	0	0	0	0
2020-07-11	0	0	0	0	0	0	0	0	0	0	0	0	0	0	0	0	0	0	0	0	0	0	0	0
2020-07-12	0	0	0	0	0	0	0	0	0	0	0	0	0	0	0	0	0	0	0	0	0	0	0	0
2020-07-13	0	0	0	0	0	0	0	0	0	0	0	0	0	0	0	0	0	0	0	0	0	0	0	0
2020-07-14	0	0	0	0	0	0	0	0	0	0	0	0	0	0	0	0	0	0	0	0	0	0	0	0
2020-07-15	0	0	0	0	0	0	0	0	0	0	0	0	0	0	0	0	0	0	0	0	0	0	0	0
2020-07-16	0	0	0	0	0	0	0	0	0	0	0	0	0	0	0	0	0	0	0	0	0	0	0	0
2020-07-17	0	0	0	0	0	0	0	0	0	0	0	0	0	0	0	0	0	0	0	0	0	0	0	0
2020-07-18	0	0	0	0	0	0	0	0	0	0	0	0	0	0	0	0	0	0	0	0	0	0	0	0
2020-07-19	0	0	0	0	0	0	0	0	0	0	0	0	0	0	0	0	0	0	0	0	0	0	0	0
2020-07-20	0	0	0	0	0	0	0	0	0	0	0	0	0	0	0	0	0	0	0	0	0	0	0	0
2020-07-21	0	0	0	0	0	0	0	0	0	0	0	0	0	0	0	0	0	0	0	0	0	0	0	0
2020-07-22	0	0	0	0	0	0	0	0	0	0	0	0	0	0	0	0	0	0	0	0	0	0	0	0
2020-07-23	0	0	0	0	0	0	0	0	0	0	0	0	0	0	0	0	0	0	0	0	0	0	0	0
2020-07-24	0	0	0	0	0	0	0	0	0	0	0	0	0	0	0	0	0	0	0	0	0	0	0	0
2020-07-25	0	0	0	0	0	0	0	0	0	0	0	0	0	0	0	0	0	0	0	0	0	0	0	0
2020-07-26	0	0	0	0	0	0	0	0	0	0	0	0	0	0	0	0	0	0	0	0	0	0	0	0
2020-07-27	0	0	0	0	0	0	0	0	0	0	0	0	0	0	0	0	0	0	0	0	0	0	0	0
2020-07-28	0	0	0	0	0	0	0	0	0	0	0	0	0	0	0	0	0	0	0	0	0	0	0	0
2020-07-29	0	0	0	0	0	0	0	0	0	0	0	0	0	0	0	0	0	0	0	0	0	0	0	0
2020-07-30	0	0	0	0	0	0	0	0	0	0	0	0	0	0	0	0	0	0	0	0	0	0	0	0
2020-07-31	0	0	0	0	0	0	0	0	0	0	0	0	0	0	0	0	0	0	0	0	0	0	0	0
2020-08-01	0	0	0	0	0	0	0	0	0	0	0	0	0	0	0	0	0	0	0	0	0	0	0	0
2020-08-02	0	0	0	0	0	0	0	0	0	0	0	0	0	0	0	0	0	0	0	0	0	0	0	0
2020-08-03	0	0	0	0	0	0	0	0	0	0	0	0	0	0	0	0	0	0	0	0	0	0	0	0
2020-08-04	0	0	0	0	0	0	0	0	0	0	0	0	0	0	0	0	0	0	0	0	0	0	0	0
2020-08-05	0	0	0	0	0	0	0	0	0	0	0	0	0	0	0	0	0	0	0	0	0	0	0	0
2020-08-06	0	0	0	0	0	0	0	0	0	0	0	0	0	0	0	0	0	0	0	0	0	0	0	0
2020-08-07	0	0	0	0	0	0	0	0	0	0	0	0	0	0	0	0	0	0	0	0	0	0	0	0
2020-08-08	0	0	1	2	4	5	8	10	12	17	16	22	15	14	18	13	17	9	9	11	3	2	1	0
2020-08-09	0	0	2	0	1	3	1	1	1	2	0	26	1	5	3	3	2	2	2	1	2	1	0	0
2020-08-10	0	0	1	2	2	14	17	21	23	24	37	28	23	42	20	24	20	25	27	22	14	3	0	2
2020-08-11	0	0	1	0	5	11	15	18	25	28	41	27	18	27	22	21	19	23	21	24	8	3	4	3
2020-08-12	1	0	1	2	5	12	18	23	23	32	28	29	23	37	25	20	21	19	20	16	26	0	1	0
2020-08-13	2	0	1	1	5	14	22	26	28	23	29	29	26	28	21	19	15	22	22	15	6	1	0	2
2020-08-14	1	0	0	2	5	13	17	23	25	28	41	36	16	23	28	18	28	18	15	16	12	2	4	1
2020-08-15	0	0	2	1	1	2	3	0	3	3	6	9	9	3	3	6	4	6	3	3	1	1	1	0
2020-08-16	1	0	0	0	0	1	1	0	1	4	1	11	6	8	1	0	2	3	7	1	1	0	0	1
2020-08-17	0	0	1	4	6	13	29	30	18	27	34	30	33	33	23	25	23	20	17	18	10	5	1	4
2020-08-18	0	0	2	1	4	14	20	22	26	33	41	35	28	33	30	30	23	24	26	21	8	1	0	7
2020-08-19	0	0	2	1	11	13	23	15	25	29	33	32	21	26	24	23	22	19	21	23	12	2	0	1
2020-08-20	1	0	1	0	3	10	14	22	21	39	29	30	33	30	27	23	18	19	21	16	10	1	0	1
2020-08-21	2	0	2	0	5	11	11	26	35	37	34	32	23	29	20	22	30	13	17	19	11	2	0	0
2020-08-22	1	0	1	2	4	4	10	7	13	10	20	17	7	10	12	8	14	11	10	14	4	1	1	0
2020-08-23	0	0	1	1	1	1	0	0	0	0	2	5	6	4	2	1	2	2	1	0	2	0	0	0
2020-08-24	0	0	2	2	8	15	26	32	31	31	35	39	32	43	39	42	22	20	19	22	16	2	1	4
2020-08-25	0	0	2	1	3	20	36	37	20	38	39	35	38	36	31	23	27	25	20	16	8	3	0	3
2020-08-26	1	0	1	2	4	18	28	33	40	58	55	54	46	53	43	36	34	31	25	19	10	1	0	3
2020-08-27	0	0	1	1	4	17	33	33	47	47	54	68	44	47	48	47	33	31	27	16	10	4	1	0
2020-08-28	2	0	2	0	5	20	32	31	46	54	52	68	37	50	56	36	34	21	25	21	10	1	3	2
2020-08-29	1	1	4	0	3	5	6	10	13	13	21	14	11	14	9	7	14	10	13	10	2	0	1	0
2020-08-30	1	1	0	1	2	1	1	0	0	0	2	3	3	4	2	1	2	6	1	4	0	0	0	0
2020-08-31	0	0	1	1	6	15	27	37	36	38	51	47	32	43	50	42	40	22	20	16	7	1	3	0
2020-09-01	1	0	2	2	3	19	32	45	34	48	45	50	34	46	51	36	32	18	28	17	10	3	0	1
2020-09-02	1	1	1	0	7	15	30	39	46	59	57	45	31	53	35	34	31	26	19	20	8	5	1	1
2020-09-03	1	0	1	0	5	20	29	55	42	38	44	50	27	48	43	38	46	24	22	20	10	2	0	0
2020-09-04	1	0	2	1	2	19	32	40	40	45	57	38	41	40	49	39	29	28	15	19	10	3	2	0
2020-09-05	1	0	2	0	5	6	7	11	13	12	17	17	14	14	9	12	12	8	12	11	3	0	0	0
2020-09-06	0	2	0	1	0	3	1	1	0	1	2	14	14	8	6	3	4	4	4	1	0	0	1	0
2020-09-07	0	0	1	3	8	26	45	53	54	50	54	49	38	52	59	42	40	29	26	23	7	0	1	2
2020-09-08	1	1	2	1	5	17	37	51	67	62	59	57	45	58	46	59	36	26	27	23	12	1	1	0
2020-09-09	0	2	1	1	5	15	37	50	48	56	69	48	50	48	52	43	46	28	25	19	10	2	2	4
2020-09-10	2	1	1	2	6	17	28	54	52	52	76	63	53	61	39	52	40	30	26	20	11	0	3	0
2020-09-11	1	1	4	0	5	19	36	45	60	59	51	47	47	55	34	41	30	22	22	22	10	2	5	1
2020-09-12	2	2	0	0	2	9	12	5	9	10	14	19	10	10	7	9	11	8	11	12	3	0	2	0
2020-09-13	0	0	0	1	1	1	1	0	0	1	1	8	4	4	3	1	4	3	1	3	0	0	1	0
2020-09-14	0	2	0	2	4	17	37	45	46	41	40	51	32	56	41	34	28	29	18	15	10	3	1	1
2020-09-15	0	0	1	2	3	16	47	46	44	39	52	48	49	43	49	35	19	28	21	16	9	3	0	0
2020-09-16	0	0	2	1	7	23	37	61	50	56	58	40	41	45	53	46	32	23	21	17	7	3	0	1
2020-09-17	0	1	1	0	2	17	39	50	47	39	52	61	54	53	46	43	32	27	27	23	6	1	0	0
2020-09-18	1	0	2	1	5	23	31	54	50	51	61	46	45	58	36	38	35	23	19	20	11	3	2	1
2020-09-19	0	0	1	1	2	4	8	10	8	8	19	21	9	17	9	7	13	6	10	12	2	0	0	0
2020-09-20	0	0	1	0	0	2	3	0	1	1	2	5	4	7	8	3	2	2	4	4	2	0	0	0
2020-09-21	1	0	0	3	9	20	36	50	38	31	37	55	35	23	42	37	38	30	21	16	9	7	1	2
2020-09-22	1	0	2	2	5	19	48	49	35	41	49	34	42	44	31	42	29	23	24	20	11	7	0	2
2020-09-23	2	1	1	0	9	19	38	47	40	53	54	52	53	45	34	37	29	27	16	14	9	1	2	4
2020-09-24	0	0	1	6	5	22	43	51	43	35	56	50	38	45	42	40	31	27	24	20	6	1	3	1
2020-09-25	3	1	0	5	12	21	43	31	41	50	43	39	44	56	36	42	33	19	16	19	9	2	2	2
2020-09-26	0	0	2	2	3	9	6	10	4	11	11	11	8	10	9	7	9	8	8	8	2	3	0	0
2020-09-27	0	1	0	1	1	0	1	0	0	1	4	3	2	2	2	7	4	7	2	3	2	1	1	0
2020-09-28	0	0	0	0	5	19	31	41	40	34	44	44	31	42	29	31	24	27	20	14	3	4	0	1
2020-09-29	1	0	2	2	2	14	25	33	28	48	42	44	41	48	38	38	33	29	23	18	9	3	1	0
2020-09-30	1	2	0	1	8	17	26	38	28	35	40	33	35	39	38	36	32	43	19	15	7	5	0	0
